// Color Convertion and Transfer Functions DCTL v1.05
// Author: Matt.C
// Organized collection of camera and display transfer functions with colorspace conversions

///////////////////////
// Utility Functions //
///////////////////////

// Matrix Function
__DEVICE__ float3 applyMatrix(float3 in, float m00, float m01, float m02, float m10, float m11, float m12, float m20, float m21, float m22) {
    float3 out;
    out.x = (m00 * in.x) + (m01 * in.y) + (m02 * in.z);
    out.y = (m10 * in.x) + (m11 * in.y) + (m12 * in.z);
    out.z = (m20 * in.x) + (m21 * in.y) + (m22 * in.z);
    return out;
}

// Camera Transfer Functions and Colorspace Conversions

////////////////////////////////////////////////////
/////////////////////// ACES ///////////////////////
////////////////////////////////////////////////////

// ACES CC - Converts between linear and ACEScc log space
__DEVICE__ float3 logToLinACEScc(float3 in) {
    // Constants for ACEScc transform
    float a = 9.72;
    float b = 17.52;
    float c = 0.0000152587890625;
    float d = _log2f(65504);
    
    return make_float3(
        in.x <= (a - 15) / b ? (_powf(2, in.x * b - a) - c) * 2 : in.x < (d + a) / b ? _powf(2, in.x * b - a) - c : 65504,
        in.y <= (a - 15) / b ? (_powf(2, in.y * b - a) - c) * 2 : in.y < (d + a) / b ? _powf(2, in.y * b - a) - c : 65504,
        in.z <= (a - 15) / b ? (_powf(2, in.z * b - a) - c) * 2 : in.z < (d + a) / b ? _powf(2, in.z * b - a) - c : 65504
    );
}

__DEVICE__ float3 linToLogACEScc(float3 in) {
    // Constants for ACEScc transform
    float a = 9.72;
    float b = 17.52;
    float c = 0.0000152587890625;
    float lin_cut = 0.000030517578125;
    
    return make_float3(
        in.x <= 0 ? (_log2f(c) + a) / b : in.x < lin_cut ? (_log2f(c + in.x * 0.5) + a) / b : (_log2f(in.x) + a) / b,
        in.y <= 0 ? (_log2f(c) + a) / b : in.y < lin_cut ? (_log2f(c + in.y * 0.5) + a) / b : (_log2f(in.y) + a) / b,
        in.z <= 0 ? (_log2f(c) + a) / b : in.z < lin_cut ? (_log2f(c + in.z * 0.5) + a) / b : (_log2f(in.z) + a) / b
    );
}

// ACES CCT - ACES Color Component Transform
__DEVICE__ float3 logToLinACEScct(float3 in) {
    // Constants for ACEScct transform
    float a = 10.5402377416545;
    float b = 0.0729055341958355;
    float c = 9.72;
    float d = 17.52;
    float e = _log2f(65504);
    float lin_cut = 0.155251141552511;
    
    return make_float3(
        in.x <= lin_cut ? (in.x - b) / a : in.x < (e + c) / d ? _powf(2, in.x * d - c) : 65504,
        in.y <= lin_cut ? (in.y - b) / a : in.y < (e + c) / d ? _powf(2, in.y * d - c) : 65504,
        in.z <= lin_cut ? (in.z - b) / a : in.z < (e + c) / d ? _powf(2, in.z * d - c) : 65504
    );
}

__DEVICE__ float3 linToLogACEScct(float3 in) {
    // Constants for ACEScct transform
    float a = 10.5402377416545;
    float b = 0.0729055341958355;
    float c = 9.72;
    float d = 17.52;
    float e = 0.0078125;
    
    return make_float3(
        in.x <= e ? a * in.x + b : (_log2f(in.x) + c) / d,
        in.y <= e ? a * in.y + b : (_log2f(in.y) + c) / d,
        in.z <= e ? a * in.z + b : (_log2f(in.z) + c) / d
    );
}

// ACES Colorspace Conversions
__DEVICE__ float3 ACES_CGtoXYZ(float3 in) {
    return applyMatrix(in,
        0.6624541811f, 0.1340042065f, 0.1561876870f,
        0.2722287168f, 0.6740817658f, 0.0536895174f,
        -0.0055746495f, 0.0040607335f, 1.0103391003f);
}

__DEVICE__ float3 XYZtoACES_CG(float3 in) {
    return applyMatrix(in,
        1.6410233797f, -0.3248032942f, -0.2364246952f,
        -0.6636628587f, 1.6153315917f, 0.0167563477f,
        0.0117218943f, -0.0082844420f, 0.9883948585f);
}

__DEVICE__ float3 ACES_CCTtoXYZ(float3 in) {
    return applyMatrix(in,
        0.6624541811f, 0.1340042065f, 0.1561876870f,
        0.2722287168f, 0.6740817658f, 0.0536895174f,
        -0.0055746495f, 0.0040607335f, 1.0103391003f);
}

__DEVICE__ float3 XYZtoACES_CCT(float3 in) {
    return applyMatrix(in,
        1.6410233797f, -0.3248032942f, -0.2364246952f,
        -0.6636628587f, 1.6153315917f, 0.0167563477f,
        0.0117218943f, -0.0082844420f, 0.9883948585f);
}

/////////////////////////////////////////////////////
/////////////////////// APPLE ///////////////////////
/////////////////////////////////////////////////////

// Apple Log - Apple's log encoding for wide dynamic range
__DEVICE__ float3 logToLinAppleLogProfile(float3 in) {
    // Constants for Apple Log transform
    float R_0 = -0.05641088f;
    float R_t = 0.01f;
    float sigma = 47.28711236f;
    float beta = 0.00964052f;
    float gamma = 0.08550479f;
    float delta = 0.69336945f;
    float P_t = sigma * _powf(R_t - R_0, 2.0f);
    
    return make_float3(
        in.x >= P_t ? _powf(2.0f, (in.x - delta) / gamma) - beta : (in.x >= 0.0f ? _powf(in.x / sigma, 0.5f) + R_0 : R_0),
        in.y >= P_t ? _powf(2.0f, (in.y - delta) / gamma) - beta : (in.y >= 0.0f ? _powf(in.y / sigma, 0.5f) + R_0 : R_0),
        in.z >= P_t ? _powf(2.0f, (in.z - delta) / gamma) - beta : (in.z >= 0.0f ? _powf(in.z / sigma, 0.5f) + R_0 : R_0)
    );
}

__DEVICE__ float3 linToLogAppleLogProfile(float3 in) {
    // Constants for Apple Log transform
    float R_0 = -0.05641088f;
    float R_t = 0.01f;
    float sigma = 47.28711236f;
    float beta = 0.00964052f;
    float gamma = 0.08550479f;
    float delta = 0.69336945f;
    
    return make_float3(
        in.x >= R_t ? gamma * _log2f(in.x + beta) + delta : (in.x >= R_0 ? sigma * _powf(in.x - R_0, 2.0f) : 0.0f),
        in.y >= R_t ? gamma * _log2f(in.y + beta) + delta : (in.y >= R_0 ? sigma * _powf(in.y - R_0, 2.0f) : 0.0f),
        in.z >= R_t ? gamma * _log2f(in.z + beta) + delta : (in.z >= R_0 ? sigma * _powf(in.z - R_0, 2.0f) : 0.0f)
    );
}

// Apple Colorspace Conversions
__DEVICE__ float3 AppleLogtoXYZ(float3 in) {
    return applyMatrix(in,
        0.63695805f, 0.14461690f, 0.16888098f,
        0.26270021f, 0.67799807f, 0.05930172f,
        0.00000000f, 0.02807269f, 1.06098506f);
}

__DEVICE__ float3 XYZtoAppleLog(float3 in) {
    return applyMatrix(in,
        1.71665119f, -0.35567078f, -0.25336628f,
        -0.66668435f, 1.61648124f, 0.01576855f,
        0.01763986f, -0.04277061f, 0.94210312f);
}

////////////////////////////////////////////////////
/////////////////////// ARRI ///////////////////////
////////////////////////////////////////////////////

// ARRI LogC3 - ARRI's log encoding (version 3)
__DEVICE__ float3 logToLinArriLogC3(float3 in) {
    // Constants for ARRI LogC3 transform
    float cut = 0.010591;
    float a = 5.555556;
    float b = 0.052272;
    float c = 0.247190;
    float d = 0.385537;
    float e = 5.367655;
    float f = 0.092809;
    float th = e * cut + f;
    
    return make_float3(
        in.x > th ? (_powf(10, (in.x - d) / c) - b) / a : (in.x - f) / e,
        in.y > th ? (_powf(10, (in.y - d) / c) - b) / a : (in.y - f) / e,
        in.z > th ? (_powf(10, (in.z - d) / c) - b) / a : (in.z - f) / e
    );
}

__DEVICE__ float3 linToLogArriLogC3(float3 in) {
    // Constants for ARRI LogC3 transform
    float cut = 0.010591;
    float a = 5.555556;
    float b = 0.052272;
    float c = 0.247190;
    float d = 0.385537;
    float e = 5.367655;
    float f = 0.092809;
    
    return make_float3(
        in.x > cut ? c * _log10f(a * in.x + b) + d : e * in.x + f,
        in.y > cut ? c * _log10f(a * in.y + b) + d : e * in.y + f,
        in.z > cut ? c * _log10f(a * in.z + b) + d : e * in.z + f
    );
}

// ARRI LogC4 - ARRI's updated log encoding (version 4)
__DEVICE__ float3 logToLinArriLogC4(float3 in) {
    // Constants for ARRI LogC4 transform
    float a = (_powf(2.0, 18.0) - 16.0) / 117.45;
    float b = (1023.0 - 95.0) / 1023.0;
    float c = 95.0 / 1023.0;
    float s = (7 * _logf(2) * _powf(2.0, 7 - 14 * c / b)) / (a * b);
    float t = (_powf(2.0, 14.0 * (-c / b) + 6.0) - 64.0) / a;
    
    return make_float3(
        in.x < 0.0 ? in.x * s + t : (_powf(2.0, 14.0 * (in.x - c) / b + 6.0) - 64.0) / a,
        in.y < 0.0 ? in.y * s + t : (_powf(2.0, 14.0 * (in.y - c) / b + 6.0) - 64.0) / a,
        in.z < 0.0 ? in.z * s + t : (_powf(2.0, 14.0 * (in.z - c) / b + 6.0) - 64.0) / a
    );
}

__DEVICE__ float3 linToLogArriLogC4(float3 in) {
    // Constants for ARRI LogC4 transform
    float a = (_powf(2.0, 18.0) - 16.0) / 117.45;
    float b = (1023.0 - 95.0) / 1023.0;
    float c = 95.0 / 1023.0;
    float s = (7 * _logf(2) * _powf(2.0, 7 - 14 * c / b)) / (a * b);
    float t = (_powf(2.0, 14.0 * (-c / b) + 6.0) - 64.0) / a;
    
    return make_float3(
        in.x < t ? (in.x - t) / s : (_log2f(a * in.x + 64.0) - 6.0) / 14.0 * b + c,
        in.y < t ? (in.y - t) / s : (_log2f(a * in.y + 64.0) - 6.0) / 14.0 * b + c,
        in.z < t ? (in.z - t) / s : (_log2f(a * in.z + 64.0) - 6.0) / 14.0 * b + c
    );
}

// ARRI Colorspace Conversions
__DEVICE__ float3 ArriWideGamut3toXYZ(float3 in) {
    return applyMatrix(in,
        0.638008f, 0.214704f, 0.097744f,
        0.291954f, 0.823841f, -0.115795f,
        0.002798f, -0.067034f, 1.153294f);
}

__DEVICE__ float3 XYZtoArriWideGamut3(float3 in) {
    return applyMatrix(in,
        1.789066f, -0.482534f, -0.200076f,
        -0.639849f, 1.3964f, 0.194432f,
        -0.041532f, 0.082335f, 0.878868f);
}

__DEVICE__ float3 ArriWideGamut4toXYZ(float3 in) {
    return applyMatrix(in,
        0.70485832f, 0.12976030f, 0.11583731f,
        0.25452418f, 0.78147773f, -0.03600191f,
        0.00000000f, 0.00000000f, 1.08905775f);
}

__DEVICE__ float3 XYZtoArriWideGamut4(float3 in) {
    return applyMatrix(in,
        1.50921547f, -0.25059735f, -0.16881148f,
        -0.49154545f, 1.36124555f, 0.09728294f,
        0.00000000f, 0.00000000f, 0.91822495f);
}

//////////////////////////////////////////////////////////
/////////////////////// BLACKMAGIC ///////////////////////
//////////////////////////////////////////////////////////

// Blackmagic Design Film Gen 5 - BMD's log encoding
__DEVICE__ float3 logToLinBlackmagicFilmGen5(float3 in) {
    // Constants for BMD Film Gen 5 transform
    float A = 0.08692876065491224f;
    float B = 0.005494072432257808f;
    float C = 0.5300133392291939f;
    float D = 8.283605932402494f;
    float E = 0.09246575342465753f;
    float LOG_CUT = D * 0.005f + E;
    
    return make_float3(
        in.x < LOG_CUT ? (in.x - E) / D : _expf((in.x - C) / A) - B,
        in.y < LOG_CUT ? (in.y - E) / D : _expf((in.y - C) / A) - B,
        in.z < LOG_CUT ? (in.z - E) / D : _expf((in.z - C) / A) - B
    );
}

__DEVICE__ float3 linToLogBlackmagicFilmGen5(float3 in) {
    // Constants for BMD Film Gen 5 transform
    float A = 0.08692875224330131f;
    float B = 0.0054940711907293955f;
    float C = 0.5300133837514731f;
    float D = 8.283611088773256f;
    float E = 0.09246580021201303f;
    float LIN_CUT = 0.004999993693740552f;
    
    return make_float3(
        in.x <= LIN_CUT ? (in.x * D + E) : (_logf(in.x + B) * A + C),
        in.y <= LIN_CUT ? (in.y * D + E) : (_logf(in.y + B) * A + C),
        in.z <= LIN_CUT ? (in.z * D + E) : (_logf(in.z + B) * A + C)
    );
}

// DaVinci Intermediate - BMD's intermediate colorspace
__DEVICE__ float3 logToLinDavinciIntermediate(float3 in) {
    // Constants for DaVinci Intermediate transform
    float a = 0.0075f;
    float b = 7.0f;
    float c = 0.07329248f;
    float m = 10.44426855f;
    float log_cut = 0.02740668f;
    
    return make_float3(
        in.x > log_cut ? _powf(2.f, (in.x / c) - b) - a : in.x / m,
        in.y > log_cut ? _powf(2.f, (in.y / c) - b) - a : in.y / m,
        in.z > log_cut ? _powf(2.f, (in.z / c) - b) - a : in.z / m
    );
}

__DEVICE__ float3 linToLogDavinciIntermediate(float3 in) {
    // Constants for DaVinci Intermediate transform
    float a = 0.0075f;
    float b = 7.0f;
    float c = 0.07329248f;
    float m = 10.44426855f;
    float lin_cut = 0.00262409f;
    
    return make_float3(
        in.x > lin_cut ? (_log2f(in.x + a) + b) * c : in.x * m,
        in.y > lin_cut ? (_log2f(in.y + a) + b) * c : in.y * m,
        in.z > lin_cut ? (_log2f(in.z + a) + b) * c : in.z * m
    );
}

// Blackmagic Colorspace Conversions
__DEVICE__ float3 BlackMagicWideGamutGen5toXYZ(float3 in) {
    // Matrix to convert from BMD Wide Gamut Gen5 to XYZ
    return applyMatrix(in,
        0.606530f, 0.220408f, 0.123479f,
        0.267989f, 0.832731f, -0.100720f,
        -0.029442f, -0.086611f, 1.204861f);
}

__DEVICE__ float3 XYZtoBlackMagicWideGamutGen5(float3 in) {
    // Matrix to convert from XYZ to BMD Wide Gamut Gen5
    return applyMatrix(in,
        1.866382f, -0.518397f, -0.234610f,
        -0.600342f, 1.378149f, 0.176732f,
        0.002452f, 0.086400f, 0.836943f);
}

// DaVinci Wide Gamut Conversions
__DEVICE__ float3 DaVinciWideGamuttoXYZ(float3 in) {
    // Matrix to convert from DaVinci Wide Gamut to XYZ
    return applyMatrix(in,
        0.70062239f, 0.14877482f, 0.10105872f,
        0.27411851f, 0.87363190f, -0.14775041f,
        -0.09896291f, -0.13789533f, 1.32591599f);
}

__DEVICE__ float3 XYZtoDaVinciWideGamut(float3 in) {
    // Matrix to convert from XYZ to DaVinci Wide Gamut
    return applyMatrix(in,
        1.51667204f, -0.28147805f, -0.14696363f,
        -0.46491710f, 1.25142378f, 0.17488461f,
        0.06484905f, 0.10913934f, 0.76141462f);
}

/////////////////////////////////////////////////////
/////////////////////// CANON ///////////////////////
/////////////////////////////////////////////////////

// Canon Log - Canon's original log encoding
__DEVICE__ float3 logToLinCanonLog(float3 in) {
    // Constants for Canon Log transform
    float a = 0.529136f;
    float b = 0.0730597f;
    float c = 10.1596f;
    float log_cut = 0.0730597f;
    
    return make_float3(
        in.x < log_cut ? -(_powf(10.0f, (b - in.x) / a) - 1.0f) / c : (_powf(10.0f, (in.x - b) / a) - 1.0f) / c,
        in.y < log_cut ? -(_powf(10.0f, (b - in.y) / a) - 1.0f) / c : (_powf(10.0f, (in.y - b) / a) - 1.0f) / c,
        in.z < log_cut ? -(_powf(10.0f, (b - in.z) / a) - 1.0f) / c : (_powf(10.0f, (in.z - b) / a) - 1.0f) / c
    );
}

__DEVICE__ float3 linToLogCanonLog(float3 in) {
    // Constants for Canon Log transform
    float a = 0.529136f;
    float b = 0.0730597f;
    float c = 10.1596f;
    float lin_cut = -(_powf(10.0f, (b - 0.0730597f) / a) - 1.0f) / c;
    
    return make_float3(
        in.x < lin_cut ? -(a * _log10f(-in.x * c + 1.0f) - b) : a * _log10f(c * in.x + 1.0f) + b,
        in.y < lin_cut ? -(a * _log10f(-in.y * c + 1.0f) - b) : a * _log10f(c * in.y + 1.0f) + b,
        in.z < lin_cut ? -(a * _log10f(-in.z * c + 1.0f) - b) : a * _log10f(c * in.z + 1.0f) + b
    );
}

// Canon Log 2 - Canon's improved log encoding
__DEVICE__ float3 logToLinCanonLog2(float3 in) {
    // Constants for Canon Log 2 transform
    float a = 0.24136077f;
    float b = 0.092864125f;
    float c = 87.099375f;
    
    return make_float3(
        in.x < b ? -(_powf(10.0f, (b - in.x) / a) - 1.0f) / c : (_powf(10.0f, (in.x - b) / a) - 1.0f) / c,
        in.y < b ? -(_powf(10.0f, (b - in.y) / a) - 1.0f) / c : (_powf(10.0f, (in.y - b) / a) - 1.0f) / c,
        in.z < b ? -(_powf(10.0f, (b - in.z) / a) - 1.0f) / c : (_powf(10.0f, (in.z - b) / a) - 1.0f) / c
    );
}

__DEVICE__ float3 linToLogCanonLog2(float3 in) {
    // Constants for Canon Log 2 transform
    float a = 0.24136077f;
    float b = 0.092864125f;
    float c = 87.099375f;
    
    return make_float3(
        in.x < 0 ? b - a * _log10f(-in.x * c + 1.0f) : a * _log10f(in.x * c + 1.0f) + b,
        in.y < 0 ? b - a * _log10f(-in.y * c + 1.0f) : a * _log10f(in.y * c + 1.0f) + b,
        in.z < 0 ? b - a * _log10f(-in.z * c + 1.0f) : a * _log10f(in.z * c + 1.0f) + b
    );
}

// Canon Log 3 - Canon's latest log encoding
__DEVICE__ float3 logToLinCanonLog3(float3 in) {
    // Constants for Canon Log 3 transform
    float a = 0.36726845f;
    float c = 14.98325f;
    float d = 0.12240537f;
    
    return make_float3(
        in.x < 0.097465473f ? (in.x - 0.12512219f) / 0.36726845f / 1.9754798f : 
            (_powf(10.0f, (in.x - d) / a) - 1.0f) / c,
        in.y < 0.097465473f ? (in.y - 0.12512219f) / 0.36726845f / 1.9754798f : 
            (_powf(10.0f, (in.y - d) / a) - 1.0f) / c,
        in.z < 0.097465473f ? (in.z - 0.12512219f) / 0.36726845f / 1.9754798f : 
            (_powf(10.0f, (in.z - d) / a) - 1.0f) / c
    );
}

__DEVICE__ float3 linToLogCanonLog3(float3 in) {
    // Constants for Canon Log 3 transform
    float a = 0.36726845f;
    float c = 14.98325f;
    float d = 0.12240537f;
    
    return make_float3(
        in.x < -0.0126f ? 0.12512219f + in.x * 0.36726845f * 1.9754798f : 
            a * _log10f(in.x * c + 1.0f) + d,
        in.y < -0.0126f ? 0.12512219f + in.y * 0.36726845f * 1.9754798f : 
            a * _log10f(in.y * c + 1.0f) + d,
        in.z < -0.0126f ? 0.12512219f + in.z * 0.36726845f * 1.9754798f : 
            a * _log10f(in.z * c + 1.0f) + d
    );
}

// Canon Colorspace Conversions
__DEVICE__ float3 CanonCinemaGamuttoXYZ(float3 in) {
    // Matrix to convert from Canon Cinema Gamut to XYZ
    return applyMatrix(in,
        0.73991443f, 0.12583596f, 0.09104791f,
        0.26996878f, 0.84384112f, -0.11380989f,
        -0.00999884f, -0.22946557f, 1.16086091f);
}

__DEVICE__ float3 XYZtoCanonCinemaGamut(float3 in) {
    // Matrix to convert from XYZ to Canon Cinema Gamut
    return applyMatrix(in,
        1.44176652f, -0.25248111f, -0.13783278f,
        -0.47217534f, 1.30020293f, 0.16450424f,
        -0.08091579f, 0.25483439f, 0.89275974f);
}

//////////////////////////////////////////////////////
/////////////////////// CINEON ///////////////////////
//////////////////////////////////////////////////////

// Cineon Film Log - Classic film scanning log format
__DEVICE__ float3 logToLinCineon(float3 in) {
    // Constants for Cineon transform
    float black_offset = _powf(10.0f, (95.0f - 685.0f) / 300.0f);
    float scale = 1.0f / (1.0f - black_offset);
    
    return make_float3(
        (_powf(10.0f, (1023.0f * in.x - 685.0f) / 300.0f) - black_offset) * scale,
        (_powf(10.0f, (1023.0f * in.y - 685.0f) / 300.0f) - black_offset) * scale,
        (_powf(10.0f, (1023.0f * in.z - 685.0f) / 300.0f) - black_offset) * scale
    );
}

__DEVICE__ float3 linToLogCineon(float3 in) {
    // Constants for Cineon transform
    float black_offset = _powf(10.0f, (95.0f - 685.0f) / 300.0f);
    float scale = 1.0f - black_offset;
    
    return make_float3(
        (685.0f + 300.0f * _log10f(in.x * scale + black_offset)) / 1023.0f,
        (685.0f + 300.0f * _log10f(in.y * scale + black_offset)) / 1023.0f,
        (685.0f + 300.0f * _log10f(in.z * scale + black_offset)) / 1023.0f
    );
}

///////////////////////////////////////////////////
/////////////////////// DJI ///////////////////////
///////////////////////////////////////////////////

// DJI D-Log - DJI's logarithmic encoding
__DEVICE__ float3 logToLinDJIDLog(float3 in) {
    // Constants for DJI D-Log transform
    float a = 3.89616f;
    float b = -2.27752f;
    float c = 0.9892f;
    float d = 0.0108f;
    float lin_cut = 0.14f;
    
    return make_float3(
        in.x < lin_cut ? (in.x - 0.0929f) / 6.025f : (_powf(10.0f, a * in.x + b) - d) / c,
        in.y < lin_cut ? (in.y - 0.0929f) / 6.025f : (_powf(10.0f, a * in.y + b) - d) / c,
        in.z < lin_cut ? (in.z - 0.0929f) / 6.025f : (_powf(10.0f, a * in.z + b) - d) / c
    );
}

__DEVICE__ float3 linToLogDJIDLog(float3 in) {
    // Constants for DJI D-Log transform
    float a = 0.256663f;
    float b = 0.584555f;
    float c = 0.9892f;
    float d = 0.0108f;
    float log_cut = 0.0078f;
    
    return make_float3(
        in.x < log_cut ? 6.025f * in.x + 0.0929f : (_log10f(in.x * c + d)) * a + b,
        in.y < log_cut ? 6.025f * in.y + 0.0929f : (_log10f(in.y * c + d)) * a + b,
        in.z < log_cut ? 6.025f * in.z + 0.0929f : (_log10f(in.z * c + d)) * a + b
    );
}

// DJI Colorspace Conversions
__DEVICE__ float3 DJIDGamuttoXYZ(float3 in) {
    // Matrix to convert from DJI D-Gamut to XYZ
    return applyMatrix(in,
        0.6482f, 0.1940f, 0.1082f,
        0.2830f, 0.8132f, -0.0962f,
        -0.0183f, -0.0832f, 1.1903f);
}

__DEVICE__ float3 XYZtoDJIDGamut(float3 in) {
    // Matrix to convert from XYZ to DJI D-Gamut
    return applyMatrix(in,
        1.7257f, -0.4314f, -0.1917f,
        -0.6025f, 1.3906f, 0.1671f,
        -0.0156f, 0.0905f, 0.8489f);
}

/////////////////////////////////////////////////////////
/////////////////////// FILMLIGHT ///////////////////////
/////////////////////////////////////////////////////////

// FilmLight T-Log - FilmLight's logarithmic encoding
__DEVICE__ float3 logToLinFilmLightTLog(float3 in) {
    // Constants for FilmLight T-Log transform
    float w = 128.0f;
    float g = 16.0f;
    float o = 0.075f;
    float b = 1 / (0.7107f + 1.2359f * _logf(w * g));
    float gs = g / (1 - o);
    float C = b / gs;
    float a = 1 - b * _logf(w + C);
    float y0 = a + b * _logf(C);
    float s = (1 - o) / (1 - y0);
    float A = 1 + (a - 1) * s;
    float B = b * s;
    float G = gs * s;
    
    return make_float3(
        in.x < o ? (in.x - o) / G : _expf((in.x - A) / B) - C,
        in.y < o ? (in.y - o) / G : _expf((in.y - A) / B) - C,
        in.z < o ? (in.z - o) / G : _expf((in.z - A) / B) - C
    );
}

__DEVICE__ float3 linToLogFilmLightTLog(float3 in) {
    // Constants for FilmLight T-Log transform
    float w = 128.0f;
    float g = 16.0f;
    float o = 0.075f;
    float b = 1 / (0.7107f + 1.2359f * _logf(w * g));
    float gs = g / (1 - o);
    float C = b / gs;
    float a = 1 - b * _logf(w + C);
    float y0 = a + b * _logf(C);
    float s = (1 - o) / (1 - y0);
    float A = 1 + (a - 1) * s;
    float B = b * s;
    float G = gs * s;
    
    return make_float3(
        in.x < 0.0f ? G * in.x + o : _logf(in.x + C) * B + A,
        in.y < 0.0f ? G * in.y + o : _logf(in.y + C) * B + A,
        in.z < 0.0f ? G * in.z + o : _logf(in.z + C) * B + A
    );
}

// FilmLight Colorspace Conversions
__DEVICE__ float3 FilmLightEGamuttoXYZ(float3 in) {
    // Matrix to convert from FilmLight E-Gamut to XYZ
    return applyMatrix(in,
        0.70539685f, 0.16404133f, 0.08101775f,
        0.28013072f, 0.82020664f, -0.10033737f,
        -0.10378151f, -0.07290726f, 1.26574652f);
}

__DEVICE__ float3 XYZtoFilmLightEGamut(float3 in) {
    // Matrix to convert from XYZ to FilmLight E-Gamut
    return applyMatrix(in,
        1.52505277f, -0.31591351f, -0.12265826f,
        -0.50915256f, 1.33332741f, 0.13828437f,
        0.09571535f, 0.05089744f, 0.78795577f);
}

////////////////////////////////////////////////////////
/////////////////////// FUJIFILM ///////////////////////
////////////////////////////////////////////////////////

// Fujifilm F-Log - Fujifilm's original log encoding
__DEVICE__ float3 logToLinFLog(float3 in) {
    // Constants for F-Log transform
    float a = 0.555556f;
    float b = 0.009468f;
    float c = 0.344676f;
    float d = 0.790453f;
    float e = 8.735631f;
    float f = 0.092864f;
    float cut2 = 0.100537775223865f;

    return make_float3(
        in.x >= cut2 ? (_powf(10.0f, (in.x - d) / c) / a) - (b / a) : (in.x - f) / e,
        in.y >= cut2 ? (_powf(10.0f, (in.y - d) / c) / a) - (b / a) : (in.y - f) / e,
        in.z >= cut2 ? (_powf(10.0f, (in.z - d) / c) / a) - (b / a) : (in.z - f) / e
    );
}

__DEVICE__ float3 linToLogFLog(float3 in) {
    // Constants for F-Log transform
    float a = 0.555556f;
    float b = 0.009468f;
    float c = 0.344676f;
    float d = 0.790453f;
    float e = 8.735631f;
    float f = 0.092864f;
    float cut1 = 0.00089f;

    return make_float3(
        in.x >= cut1 ? c * _log10f(a * in.x + b) + d : e * in.x + f,
        in.y >= cut1 ? c * _log10f(a * in.y + b) + d : e * in.y + f,
        in.z >= cut1 ? c * _log10f(a * in.z + b) + d : e * in.z + f
    );
}

// Fujifilm F-Log2 - Fujifilm's improved log encoding
__DEVICE__ float3 logToLinFLog2(float3 in) {
    // Constants for F-Log2 transform
    float a = 5.555556f;
    float b = 0.064829f;
    float c = 0.245281f;
    float d = 0.384316f;
    float e = 8.799461f;
    float f = 0.092864f;
    float cut2 = 0.100686685370811f;

    return make_float3(
        in.x >= cut2 ? (_powf(10.0f, (in.x - d) / c) / a) - (b / a) : (in.x - f) / e,
        in.y >= cut2 ? (_powf(10.0f, (in.y - d) / c) / a) - (b / a) : (in.y - f) / e,
        in.z >= cut2 ? (_powf(10.0f, (in.z - d) / c) / a) - (b / a) : (in.z - f) / e
    );
}

__DEVICE__ float3 linToLogFLog2(float3 in) {
    // Constants for F-Log2 transform
    float a = 5.555556f;
    float b = 0.064829f;
    float c = 0.245281f;
    float d = 0.384316f;
    float e = 8.799461f;
    float f = 0.092864f;
    float cut1 = 0.000889f;

    return make_float3(
        in.x >= cut1 ? c * _log10f(a * in.x + b) + d : e * in.x + f,
        in.y >= cut1 ? c * _log10f(a * in.y + b) + d : e * in.y + f,
        in.z >= cut1 ? c * _log10f(a * in.z + b) + d : e * in.y + f
    );
}

// Fujifilm Colorspace Conversions
__DEVICE__ float3 FujiFGamuttoXYZ(float3 in) {
    // Matrix to convert from Fujifilm F-Gamut to XYZ
    return applyMatrix(in,
        0.63695805f, 0.14461690f, 0.16888098f,
        0.26270021f, 0.67799807f, 0.05930172f,
        0.00000000f, 0.02807269f, 1.06098506f);
}

__DEVICE__ float3 XYZtoFujiFGamut(float3 in) {
    // Matrix to convert from XYZ to Fujifilm F-Gamut
    return applyMatrix(in,
        1.71665119f, -0.35567078f, -0.25336628f,
        -0.66668435f, 1.61648124f, 0.01576855f,
        0.01763986f, -0.04277061f, 0.94210312f);
}

/////////////////////////////////////////////////////
/////////////////////// GOPRO ///////////////////////
/////////////////////////////////////////////////////

// GoPro Protune - GoPro's logarithmic encoding
__DEVICE__ float3 logToLinProtune(float3 in) {
    // Constants for Protune transform
    float a = 112.0f;
    float b = 113.0f;
    
    return make_float3(
        (_powf(b, in.x) - 1.0f) / a,
        (_powf(b, in.y) - 1.0f) / a,
        (_powf(b, in.z) - 1.0f) / a
    );
}

__DEVICE__ float3 linToLogProtune(float3 in) {
    // Constants for Protune transform
    float a = 112.0f;
    float b = 113.0f;
    
    return make_float3(
        _logf(in.x * a + 1.0f) / _logf(b),
        _logf(in.y * a + 1.0f) / _logf(b),
        _logf(in.z * a + 1.0f) / _logf(b)
    );
}

// GoPro Colorspace Conversions
__DEVICE__ float3 GoProProtuneToXYZ(float3 in) {
    // Matrix to convert from GoPro Protune to XYZ
    return applyMatrix(in,
        0.702167f, 0.183534f, 0.115423f,
        0.293216f, 0.682746f, 0.039282f,
        0.0f, 0.045138f, 0.987434f);
}

__DEVICE__ float3 XYZtoGoProProtune(float3 in) {
    // Matrix to convert from XYZ to GoPro Protune
    return applyMatrix(in,
        1.598952f, -0.418570f, -0.170253f,
        -0.688506f, 1.648772f, 0.014889f,
        0.031473f, -0.075369f, 1.012045f);
}

/////////////////////////////////////////////////////
/////////////////////// LEICA ///////////////////////
/////////////////////////////////////////////////////

// Leica L-Log - Leica's logarithmic encoding
__DEVICE__ float3 logToLinLeicaLog(float3 in) {
    // Constants for L-Log transform
    float a = 8.0f;
    float b = 0.09f;
    float c = 0.27f;
    float d = 1.3f;
    float e = 0.0115f;
    float f = 0.6f;
    float cut2 = 0.1380f;

    return make_float3(
        in.x <= cut2 ? (in.x - b) / a : (_powf(10.0f, (in.x - f) / c) - e) / d,
        in.y <= cut2 ? (in.y - b) / a : (_powf(10.0f, (in.y - f) / c) - e) / d,
        in.z <= cut2 ? (in.z - b) / a : (_powf(10.0f, (in.z - f) / c) - e) / d
    );
}

__DEVICE__ float3 linToLogLeicaLog(float3 in) {
    // Constants for L-Log transform
    float a = 8.0f;
    float b = 0.09f;
    float c = 0.27f;
    float d = 1.3f;
    float e = 0.0115f;
    float f = 0.6f;
    float cut1 = 0.006f;

    return make_float3(
        in.x <= cut1 ? a * in.x + b : c * _log10f(d * in.x + e) + f,
        in.y <= cut1 ? a * in.y + b : c * _log10f(d * in.y + e) + f,
        in.z <= cut1 ? a * in.z + b : c * _log10f(d * in.z + e) + f
    );
}

/////////////////////////////////////////////////////
/////////////////////// NIKON ///////////////////////
/////////////////////////////////////////////////////

// Nikon N-Log - Nikon's logarithmic encoding
__DEVICE__ float3 logToLinNLog(float3 in) {
    // Constants for N-Log transform
    float cut2 = 452.0f / 1023.0f;
    float a = 650.0f / 1023.0f;
    float b = 0.0075f;
    float c = 150.0f / 1023.0f;
    float d = 619.0f / 1023.0f;
    
    return make_float3(
        in.x < cut2 ? _powf(in.x / a, 3.0f) - b : _expf((in.x - d) / c),
        in.y < cut2 ? _powf(in.y / a, 3.0f) - b : _expf((in.y - d) / c),
        in.z < cut2 ? _powf(in.z / a, 3.0f) - b : _expf((in.z - d) / c)
    );
}

__DEVICE__ float3 linToLogNLog(float3 in) {
    // Constants for N-Log transform
    float cut1 = 0.328f;
    float a = 650.0f / 1023.0f;
    float b = 0.0075f;
    float c = 150.0f / 1023.0f;
    float d = 619.0f / 1023.0f;
    
    return make_float3(
        in.x < cut1 ? a * _powf(in.x + b, 1.0f / 3.0f) : c * _logf(in.x) + d,
        in.y < cut1 ? a * _powf(in.y + b, 1.0f / 3.0f) : c * _logf(in.y) + d,
        in.z < cut1 ? a * _powf(in.z + b, 1.0f / 3.0f) : c * _logf(in.z) + d
    );
}

/////////////////////////////////////////////////////////
/////////////////////// PANASONIC ///////////////////////
/////////////////////////////////////////////////////////

// Panasonic V-Log - Panasonic's logarithmic encoding
__DEVICE__ float3 logToLinVLog(float3 in) {
    // Constants for V-Log transform
    float c = 0.241514f;
    float b = 0.00873f;
    float d = 0.598206f;
    float cut2 = 0.181f;
    
    return make_float3(
        in.x < cut2 ? (in.x - 0.125f) / 5.6f : _powf(10.0f, (in.x - d) / c) - b,
        in.y < cut2 ? (in.y - 0.125f) / 5.6f : _powf(10.0f, (in.y - d) / c) - b,
        in.z < cut2 ? (in.z - 0.125f) / 5.6f : _powf(10.0f, (in.z - d) / c) - b
    );
}

__DEVICE__ float3 linToLogVLog(float3 in) {
    // Constants for V-Log transform
    float c = 0.241514f;
    float b = 0.00873f;
    float d = 0.598206f;
    float cut1 = 0.01f;
    
    return make_float3(
        in.x < cut1 ? (5.6f * in.x + 0.125f) : c * _log10f(in.x + b) + d,
        in.y < cut1 ? (5.6f * in.y + 0.125f) : c * _log10f(in.y + b) + d,
        in.z < cut1 ? (5.6f * in.z + 0.125f) : c * _log10f(in.z + b) + d
    );
}

// Panasonic Colorspace Conversions
__DEVICE__ float3 PanasonicVGamuttoXYZ(float3 in) {
    // Matrix to convert from V-Gamut to XYZ
    return applyMatrix(in,
        0.679644f, 0.152211f, 0.1186f,
        0.260686f, 0.774894f, -0.03558f,
        -0.00931f, -0.004612f, 1.10298f);
}

__DEVICE__ float3 XYZtoPanasonicVGamut(float3 in) {
    // Matrix to convert from XYZ to V-Gamut
    return applyMatrix(in,
        1.589012f, -0.313204f, -0.180965f,
        -0.534053f, 1.396011f, 0.102458f,
        0.011179f, 0.003194f, 0.905535f);
}

///////////////////////////////////////////////////
/////////////////////// RED ///////////////////////
///////////////////////////////////////////////////

// RED Log3G10 - RED's logarithmic encoding
__DEVICE__ float3 logToLinRedLog3g10(float3 in) {
    // Constants for RED Log3G10 transform
    float a = 0.224282f;
    float b = 155.975327f;
    float c = 0.01f;
    float g = 15.1927f;
    
    return make_float3(
        in.x > 0.0f ? (_powf(10.0f, in.x / a) - 1.0f) / b : (in.x / g) - c,
        in.y > 0.0f ? (_powf(10.0f, in.y / a) - 1.0f) / b : (in.y / g) - c,
        in.z > 0.0f ? (_powf(10.0f, in.z / a) - 1.0f) / b : (in.z / g) - c
    );
}

__DEVICE__ float3 linToLogRedLog3g10(float3 in) {
    // Constants for RED Log3G10 transform
    float a = 0.224282f;
    float b = 155.975327f;
    float g = 15.1927f;
    
    return make_float3(
        in.x > 0.0f ? a * _log10f((in.x * b) + 1.0f) : in.x * g,
        in.y > 0.0f ? a * _log10f((in.y * b) + 1.0f) : in.y * g,
        in.z > 0.0f ? a * _log10f((in.z * b) + 1.0f) : in.z * g
    );
}

// RED Colorspace Conversions
__DEVICE__ float3 RedWideGamuttoXYZ(float3 in) {
    // Matrix to convert from RED Wide Gamut to XYZ
    return applyMatrix(in,
        0.735275f, 0.068609f, 0.146571f,
        0.286694f, 0.842979f, -0.129673f,
        -0.079681f, -0.347343f, 1.516082f);
}

__DEVICE__ float3 XYZtoRedWideGamut(float3 in) {
    // Matrix to convert from XYZ to RED Wide Gamut
    return applyMatrix(in,
        1.41280661f, -0.17752237f, -0.15177038f,
        -0.48620319f, 1.29069621f, 0.15740028f,
        -0.03713878f, 0.28637576f, 0.68767961f);
}

////////////////////////////////////////////////////
/////////////////////// SONY ///////////////////////
////////////////////////////////////////////////////

// Sony S-Log - Sony's original log encoding
__DEVICE__ float3 logToLinSonySLog(float3 in) {
    // Constants for S-Log transform
    const float a = 0.432699f;
    const float b = 0.616596f;
    const float c = 0.03f;
    const float d = 0.037584f;
    const float offset = 64.0f;
    const float range = 940.0f - 64.0f;
    const float scale = 1023.0f;
    const float fac1 = 219.0f / 155.0f;
    const float fac2 = 3.53881278538813f;
    const float mul = 0.9f;
    
    in *= scale;
    return make_float3(
        in.x >= 90.0f ? fac1 * (_powf(10.0f, ((in.x - offset) / range - b - c) / a) - d) * mul :
                       ((in.x - offset) / range - 0.030001222851889303f) / fac2 * mul,
        in.y >= 90.0f ? fac1 * (_powf(10.0f, ((in.y - offset) / range - b - c) / a) - d) * mul :
                       ((in.y - offset) / range - 0.030001222851889303f) / fac2 * mul,
        in.z >= 90.0f ? fac1 * (_powf(10.0f, ((in.z - offset) / range - b - c) / a) - d) * mul :
                       ((in.z - offset) / range - 0.030001222851889303f) / fac2 * mul
    );
}

__DEVICE__ float3 linToLogSonySLog(float3 in) {
    // Constants for S-Log transform
    const float a = 0.432699f;
    const float b = 0.616596f;
    const float c = 0.03f;
    const float d = 0.037584f;
    const float scale = 1023.0f;
    const float mul = 0.9f;
    const float fac1 = 155.0f / 219.0f;
    const float fac2 = 3.53881278538813f;
    const float offset = 64.0f;
    const float range = 940.0f - 64.0f;
    const float cut = -0.00008153227156f;
    
    in /= mul;
    return make_float3(
        in.x >= cut ? ((a * _log10f(in.x * fac1 + d) + b + c) * range + offset) / scale :
                      ((in.x * fac2 + 0.030001222851889303f) * range + offset) / scale,
        in.y >= cut ? ((a * _log10f(in.y * fac1 + d) + b + c) * range + offset) / scale :
                      ((in.y * fac2 + 0.030001222851889303f) * range + offset) / scale,
        in.z >= cut ? ((a * _log10f(in.z * fac1 + d) + b + c) * range + offset) / scale :
                      ((in.z * fac2 + 0.030001222851889303f) * range + offset) / scale
    );
}

// Sony S-Log2 - Sony's improved log encoding
__DEVICE__ float3 logToLinSonySLog2(float3 in) {
    // Constants for S-Log2 transform
    const float a = 0.432699f;
    const float b = 0.616596f;
    const float c = 0.03f;
    const float d = 0.037584f;
    const float offset = 64.0f;
    const float range = 876.0f;
    const float lin_cut = 0.030001222851889303f;
    const float scale = 1023.0f;
    const float factor1 = 219.0f / 155.0f;
    const float factor2 = 3.53881278538813f;
    const float mul = 0.9f;
    
    in *= scale;
    return make_float3(
        (in.x >= 90.0f) ? factor1 * (_powf(10.0f, ((in.x - offset) / range - b - c) / a) - d) * mul :
                          ((in.x - offset) / range - lin_cut) / factor2 * mul,
        (in.y >= 90.0f) ? factor1 * (_powf(10.0f, ((in.y - offset) / range - b - c) / a) - d) * mul :
                          ((in.y - offset) / range - lin_cut) / factor2 * mul,
        (in.z >= 90.0f) ? factor1 * (_powf(10.0f, ((in.z - offset) / range - b - c) / a) - d) * mul :
                          ((in.z - offset) / range - lin_cut) / factor2 * mul
    );
}

__DEVICE__ float3 linToLogSonySLog2(float3 in) {
    // Constants for S-Log2 transform
    const float a = 0.432699f;
    const float b = 0.616596f;
    const float c = 0.03f;
    const float d = 0.037584f;
    const float scale = 1023.0f;
    const float mul = 0.9f;
    const float factor1 = 155.0f / 219.0f;
    const float factor2 = 3.53881278538813f;
    const float offset = 64.0f;
    const float range = 876.0f;
    const float lin_cut = -0.00008153227156f;
    
    in /= mul;
    return make_float3(
        (in.x >= lin_cut) ? ((a * _log10f(in.x * factor1 + d) + b + c) * range + offset) / scale :
                            ((in.x * factor2 + 0.030001222851889303f) * range + offset) / scale,
        (in.y >= lin_cut) ? ((a * _log10f(in.y * factor1 + d) + b + c) * range + offset) / scale :
                            ((in.y * factor2 + 0.030001222851889303f) * range + offset) / scale,
        (in.z >= lin_cut) ? ((a * _log10f(in.z * factor1 + d) + b + c) * range + offset) / scale :
                            ((in.z * factor2 + 0.030001222851889303f) * range + offset) / scale
    );
}

// Sony S-Log3 - Sony's latest log encoding
__DEVICE__ float3 logToLinSonySLog3(float3 in) {
    // Constants for S-Log3 transform
    float lin_cut = 171.2102946929 / 1023.0;
    
    return make_float3(
        in.x >= lin_cut ? (_powf(10.0f, (in.x * 1023.0 - 420.0) / 261.5) * (0.18 + 0.01) - 0.01) :
                         (in.x * 1023.0 - 95.0) * 0.01125000 / (171.2102946929 - 95.0),
        in.y >= lin_cut ? (_powf(10.0f, (in.y * 1023.0 - 420.0) / 261.5) * (0.18 + 0.01) - 0.01) :
                         (in.y * 1023.0 - 95.0) * 0.01125000 / (171.2102946929 - 95.0),
        in.z >= lin_cut ? (_powf(10.0f, (in.z * 1023.0 - 420.0) / 261.5) * (0.18 + 0.01) - 0.01) :
                         (in.z * 1023.0 - 95.0) * 0.01125000 / (171.2102946929 - 95.0)
    );
}

__DEVICE__ float3 linToLogSonySLog3(float3 in) {
    // Constants for S-Log3 transform
    return make_float3(
        in.x >= 0.01125000 ? (420.0f + _log10f((in.x + 0.01) / (0.18 + 0.01)) * 261.5f) / 1023.0f :
                            (in.x * (171.2102946929f - 95.0f) / 0.01125000f + 95.0f) / 1023.0f,
        in.y >= 0.01125000 ? (420.0f + _log10f((in.y + 0.01) / (0.18 + 0.01)) * 261.5f) / 1023.0f :
                            (in.y * (171.2102946929f - 95.0f) / 0.01125000f + 95.0f) / 1023.0f,
        in.z >= 0.01125000 ? (420.0f + _log10f((in.z + 0.01) / (0.18 + 0.01)) * 261.5f) / 1023.0f :
                            (in.z * (171.2102946929f - 95.0f) / 0.01125000f + 95.0f) / 1023.0f
    );
}

// Sony Colorspace Conversions
__DEVICE__ float3 SGamut3toXYZ(float3 in) {
    // Matrix to convert from S-Gamut3 to XYZ
    return applyMatrix(in,
        0.7064827132f, 0.1288010498f, 0.1151721641f,
        0.2709796708f, 0.7866064112f, -0.0575860820f,
        -0.0096778454f, 0.0046000375f, 1.0941355587f);
}

__DEVICE__ float3 XYZtoSGamut3(float3 in) {
    // Matrix to convert from XYZ to S-Gamut3
    return applyMatrix(in,
        1.5073998991f, -0.2458221374f, -0.1716116808f,
        -0.5181517271f, 1.3553912409f, 0.1258786682f,
        0.0155116982f, -0.0078727714f, 0.9119163656f);
}

// S-Gamut3.Cine
__DEVICE__ float3 SGamut3CinetoXYZ(float3 in) {
    // Matrix to convert from S-Gamut3.Cine to XYZ
    return applyMatrix(in,
        0.5990839208f, 0.2489255161f, 0.1024464902f,
        0.2150758201f, 0.8850685017f, -0.1001443219f,
        -0.0320658495f, -0.0276583907f, 1.1487819910f);
}

__DEVICE__ float3 XYZtoSGamut3Cine(float3 in) {
    // Matrix to convert from XYZ to S-Gamut3.Cine
    return applyMatrix(in,
        1.8467789693f, -0.5259861230f, -0.2105452114f,
        -0.4441532629f, 1.2594429028f, 0.1493999729f,
        0.0408554212f, 0.0156408893f, 0.8682072487f);
}

// S-Gamut3.Venice
__DEVICE__ float3 SGamut3VenicetoXYZ(float3 in) {
    // Matrix to convert from S-Gamut3.Venice to XYZ
    return applyMatrix(in,
        0.7442229873f, 0.0779065218f, 0.1283264179f,
        0.2807824760f, 0.7802857216f, -0.0610681976f,
